@rep:1
@time:23.439
@trys:1009203
@seed:179424673
@dps-begin:
960,962,966,454,840,842,844,974,270,80,784,338,148,728,984,730,154,94,158,866,482,996,746,810,626,562,178,950,504,250,1020
469,154,62
202,11,316
129,252,124
421,124
194,41,62
2,866,469
153,202
129,62
373,838,646
@dps-end:
@rep:2
@time:40.78
@trys:1315629
@seed:125164703
@dps-begin:
898,8,1036,270,1038,914,148,796,158,926,290,674,938,556,172,302,948,180,320,832,454,838,456,840,72,970,842,844,974,852,980,854,598,984,730,602,94,866,610,482,996,746,106,626,1010,630,760,250,506,1020,254
66,18,22,239
932,666,11,14,654
129,124,252
818,421
2,469,202
41,154
153,202
129,62
373,646
@dps-end:
@rep:3
@time:23.585
@trys:997385
@seed:132011827
@dps-begin:
960,962,322,834,1028,518,454,8,840,968,970,842,1036,844,460,974,334,656,338,340,980,852,148,598,918,984,472,728,730,922,154,796,732,94,158,866,994,554,624,816,626,178,950,250
22,202,239
129,252
421,490
421,268
41,154,526
0,18,11
2,469,646
129,62
373,646
@dps-end:
@rep:4
@time:16.618
@trys:884657
@seed:124987441
@dps-begin:
320,454,968,8,842,844,460,270,976,784,980,148,852,730,154,220,988,158,94,482,866,486,680,938,556,816,818,1010,562,626,950,250,254
469,154,124,62
11,44,14
976,816,421,968,124,844
18,902,41,154
2,18,469,202
153,202,586,252
129,62
18,373,758,646
212,52,536,313,347
@dps-end:
@rep:5
@time:21.958
@trys:966276
@seed:123979721
@dps-begin:
320,1028,518,968,456,840,970,842,522,524,334,974,80,144,784,914,148,980,598,280,154,858,730,94,798,158,734,864,866,610,996,746,556,560,818,626,1010,756,1012,250,506
18,646,22,239
208,1010,486,598,11,44,14
129,154,252
864,1012,421,968
41,154
2,580,469,14
129,62
2,247,202
373,646
@dps-end:
