@rep:1
@time:25.579
@trys:1000459
@seed:179424673
@dps-begin:
960,512,322,454,838,968,840,8,842,970,844,1036,974,784,914,148,980,852,724,728,730,154,94,158,866,482,996,746,556,688,178,626,180,506,250,316,254
454,518,968,840,8,746,842,556,974,1006,626,914,852,148,980,730,764,94
960,322,454,840,842,844,1036,18,852,276,980,730,284,94,482,488,746,556,688,626,178,758,120,250,254
482,322,454,8,842,556,974,688,626,180,154,730,506,764,158
322,482,866,996,842,970,974,178,626,980,148,276,120,730,506,94
482,322,518,838,454,8,970,842,556,784,688,626,178,730,506,158
288,482,322,996,840,682,746,842,556,1036,974,626,18,276,980,148,154,94
960,838,840,970,746,844,784,626,852,724,980,120,154,506,730,94,158
866,322,838,840,746,970,974,688,18,626,276,148,758,506,250,730,154,284,764,254,766
960,866,454,838,518,488,840,1036,844,176,178,18,626,852,980,724,728,250,764,254
@dps-end:
@rep:2
@time:29.245
@trys:1080331
@seed:125164703
@dps-begin:
960,322,454,456,968,840,842,970,460,844,974,270,334,144,784,80,914,724,148,852,980,918,280,472,730,154,796,988,732,94,734,864,866,996,486,556,562,626,178,506,250,254
960,322,932,454,456,842,844,974,178,626,852,980,148,280,250,796,94,734,254
864,866,996,486,968,842,970,844,974,334,80,784,18,914,148,758,280,120,730,924,94
864,998,968,840,842,784,562,154,506,730,796,254,94
866,996,998,454,840,968,556,844,80,784,144,690,626,562,918,758,280,120,154,988,254,734
456,968,840,970,842,334,80,784,562,178,980,280,120,730,506,254
486,454,970,974,80,562,18,626,914,852,148,980,724,918,696,154,924
322,866,996,456,842,202,556,844,974,784,80,914,626,18,980,724,758,918,696,120,250,154,924,254
864,866,322,840,968,202,842,556,974,80,784,144,18,914,980,758,918,154,924,94
960,866,996,932,486,842,844,556,144,80,784,178,914,562,626,724,758,22,506,988,796,926,254
@dps-end:
@rep:3
@time:25.61
@trys:1013951
@seed:132011827
@dps-begin:
960,320,1028,838,454,966,842,970,844,1036,1038,976,144,784,80,980,852,148,918,728,154,730,988,94,158,866,482,290,998,554,556,1006,626,178,756,1016,506,828,572,254
482,966,454,842,970,844,172,556,976,178,980,852,728,120,506,730,572,828,94,30,254
320,866,1028,966,842,844,876,556,1036,172,144,626,148,852,728,730,572,828,254
960,866,838,842,626,178,756,980,852,918,120,730,154,572,700,30,94
482,454,838,234,970,1036,556,1038,144,784,80,178,120,154,988,158,30
290,866,454,998,966,838,970,554,1006,976,784,626,1016,154,506,828,94
320,866,454,966,838,234,970,172,1038,976,144,18,852,918,758,120,154,730,572,700,988,30
482,1028,966,998,554,1036,556,44,1038,784,626,178,728,506,154,700,94
960,1028,454,844,556,1006,626,980,852,148,120,94,254
960,320,482,454,966,554,844,876,556,44,1006,784,18,178,852,756,918,154,506,572
@dps-end:
@rep:4
@time:25.935
@trys:1047243
@seed:124987441
@dps-begin:
322,644,838,966,518,456,72,840,8,842,970,522,1036,270,144,784,976,980,148,280,730,154,988,94,158,864,482,804,996,998,806,556,1010,626,506,254
864,966,72,8,456,842,746,556,780,144,914,980,506,250,730,94,254
864,324,518,966,8,72,840,970,842,1036,976,1010,980,120,730,158,94
482,838,966,746,810,1036,780,268,270,784,976,914,148,664,250,154,988,94
966,838,746,842,556,780,144,784,1010,626,276,120,154,506,924,94,254
482,996,644,806,998,8,200,810,970,780,976,784,154,250,730,94
644,966,518,200,810,522,746,780,270,18,1010,914,980,506,250,154,988,254,158,94
864,518,8,1036,268,556,270,914,18,626,148,276,758,280,506,254
864,322,484,324,838,518,456,522,144,976,722,626,1010,914,120,664,154,250,730,254,1022,158
322,484,164,998,200,8,810,842,626,18,1010,250,154,924
@dps-end:
@rep:5
@time:26.26
@trys:1018879
@seed:123979721
@dps-begin:
962,322,770,1028,644,454,840,8,456,842,778,1036,974,1038,270,784,338,148,980,280,154,730,796,988,158,800,864,866,674,482,996,998,486,488,556,1010,626,820,250,254
866,322,482,964,644,518,8,456,842,778,812,556,974,338,626,980,820,730,858,250,158,94
800,964,644,996,842,556,1038,626,1010,148,820,120,154,730,94
864,964,454,840,8,778,974,784,148,280,154,796,158,94
864,674,486,454,8,842,44,1038,974,270,528,626,820,148,980,120,730,94,254
864,322,1028,964,422,518,454,840,556,974,784,528,338,1010,820,980,148,154,988,254
770,866,674,486,8,842,556,784,1010,820,158,94,254
864,674,964,486,8,746,44,270,1038,338,18,730,250,154,796,924,158,94
674,482,1028,454,486,8,842,44,1036,974,270,1038,784,626,148,54,730,154,250,284,924,988,510,94
674,386,486,422,840,746,842,556,338,18,980,820,148,54,120,154,250,94,510,254
@dps-end:
