@rep:1
@time:29.891
@trys:4590306
@seed:179424673
@dps-begin:
2532,1756
906,429
2178,906
688,2019
2019,54
1992,1485
106,429
2178,405
870,1756
402,2283
@dps-end:
@rep:2
@time:22.539
@trys:4620308
@seed:125164703
@dps-begin:
2532,1756
906,429
2178,906
688,2019
2019,54
1992,1485
106,429
2178,405
870,1756
402,2283
@dps-end:
@rep:3
@time:22.867
@trys:4623307
@seed:132011827
@dps-begin:
2532,1756
906,429
2178,906
688,2019
2019,54
1992,1485
106,429
2178,405
870,1756
402,2283
@dps-end:
@rep:4
@time:21.312
@trys:4590307
@seed:124987441
@dps-begin:
2532,1756
906,429
2178,906
688,2019
2019,54
1992,1485
106,429
2178,405
870,1756
402,2283
@dps-end:
@rep:5
@time:21.338
@trys:4593306
@seed:123979721
@dps-begin:
2532,1756
906,429
2178,906
688,2019
2019,54
1992,1485
106,429
2178,405
870,1756
402,2283
@dps-end:
