@rep:1
@time:54.33
@trys:1657478
@seed:179424673
@dps-begin:
320,834,454,838,966,8,840,842,970,1036,844,270,974,976,144,914,338,980,852,148,598,730,158,94,864,482,610,866,996,804,486,680,938,746,682,556,1006,560,624,818,626,1010,630,250,506,314,892,254
320,834,898,1028,966,838,72,8,456,842,714,970,1036,844,976,338,914,148,980,984,730,734,158,94,864,610,482,866,674,804,680,938,746,556,1006,496,560,1010,626,630,250,506,314,1020,572,254
320,834,966,710,838,72,8,840,842,970,1036,844,974,334,976,914,338,148,980,852,660,984,730,734,158,94,864,866,674,482,610,804,938,746,556,1006,496,560,562,1010,626,630,506,572,254
320,834,898,966,454,838,72,8,840,842,970,1036,844,270,974,338,914,852,148,984,730,734,94,158,864,674,482,610,804,996,486,680,938,746,556,1006,496,560,626,818,250,314,506,1020,254
320,834,898,966,454,72,840,8,842,970,460,1036,844,974,270,144,976,914,852,148,980,984,730,94,158,864,610,482,674,804,486,680,938,746,556,1006,496,1010,626,756,630,250,506,1020,254
320,834,898,1028,966,710,838,454,72,8,842,714,970,1036,844,974,976,272,914,148,980,852,984,730,94,158,610,482,866,674,804,680,746,938,556,1006,560,1010,626,562,818,630,250,506,1020,572,254
320,898,834,966,838,8,970,842,844,1036,974,334,914,338,852,148,980,730,158,94,864,482,610,866,996,486,680,746,938,682,556,1006,560,626,1010,630,504,506,250,254
320,710,518,838,966,840,72,8,714,970,842,844,1036,974,338,148,980,852,472,984,922,858,730,796,158,94,864,674,610,804,996,486,680,746,938,556,1006,560,496,1010,626,694,630,250,254
320,898,966,454,838,72,8,842,970,1036,844,270,974,976,338,148,852,980,730,796,734,158,94,864,482,610,866,674,548,486,938,682,556,1006,560,562,1010,818,626,820,630,250,506,1020,254
320,898,454,838,966,8,840,842,970,1036,844,974,270,976,144,914,338,852,148,980,730,158,94,866,674,804,996,486,680,938,746,556,1006,560,626,1010,630,506,250,764,254
@dps-end:
@rep:2
@time:67.061
@trys:1878531
@seed:125164703
@dps-begin:
770,898,1028,518,8,1032,522,1036,270,1038,528,914,148,158,290,804,680,938,556,558,820,828,322,838,840,968,842,970,714,844,334,976,84,980,852,730,94,864,866,482,996,614,746,1006,1010,626,630,760,250,506,254
770,898,8,1032,522,1036,1038,270,914,148,796,158,290,680,938,556,562,820,698,828,322,836,454,838,840,968,72,842,970,844,334,976,338,84,980,852,730,734,94,864,482,614,1006,1010,626,756,630,506,764,254
898,962,322,454,838,8,968,840,72,522,842,970,1036,844,334,144,976,914,338,148,980,852,984,858,730,926,94,544,864,290,482,866,610,680,938,746,556,816,818,1010,626,308,630,506,250,764,702,254
770,898,644,1032,8,1036,1038,914,148,796,158,290,680,938,556,562,820,832,322,836,838,454,72,840,842,970,844,334,976,338,980,852,84,730,734,94,864,482,996,614,490,1006,1008,1010,626,756,630,760,506,254
898,322,1028,454,838,8,1032,840,968,456,522,842,970,1036,844,270,334,976,914,148,980,852,730,158,798,94,734,864,866,482,804,996,614,680,938,746,556,818,626,1010,756,630,506,250,828,764,254
770,898,8,1032,522,1036,1038,270,914,148,796,158,544,290,674,804,680,938,556,562,820,828,322,962,836,454,838,840,72,842,970,844,334,976,84,980,852,730,734,94,864,482,996,614,1010,626,630,506,764,254
770,898,1028,1032,8,522,1036,1038,270,148,158,290,802,804,938,556,562,308,698,828,322,838,454,968,456,842,970,844,334,976,84,980,852,730,94,864,482,866,996,614,490,746,1006,624,626,1010,756,630,1016,506,250,764,254
770,898,8,1032,522,1036,270,1038,144,914,148,158,290,804,680,808,938,556,820,828,832,322,834,838,454,840,72,842,970,844,976,720,338,84,980,852,598,984,94,864,866,482,996,614,626,1010,756,630,760,506,250,254
898,322,1028,454,838,8,1032,840,456,522,842,970,1036,844,460,1038,270,334,976,914,148,852,980,730,158,94,802,290,482,866,804,996,614,938,746,556,1006,624,818,626,1010,308,630,506,250,828,254
898,770,1028,518,774,8,1032,522,1036,270,656,914,148,938,556,818,828,322,836,454,838,968,840,456,842,970,844,460,976,338,852,980,84,598,730,94,864,482,866,996,614,746,1006,624,626,1010,630,506,250,254
@dps-end:
@rep:3
@time:58.842
@trys:1725989
@seed:132011827
@dps-begin:
320,898,962,838,966,454,8,840,72,522,842,970,1036,844,460,270,974,976,914,148,660,980,852,984,730,796,158,94,864,290,610,482,866,996,938,746,556,1006,688,496,626,1010,630,760,250,828,700,254
1028,8,522,1036,914,148,796,668,158,290,808,938,556,696,700,828,320,838,454,72,840,968,970,842,714,844,334,976,338,980,852,984,730,732,94,864,482,866,610,996,746,1010,626,630,760,506,250,764,254
320,898,838,454,8,72,840,968,842,970,1036,844,334,974,80,914,852,980,148,984,730,158,94,864,736,610,482,290,996,486,938,746,556,1006,1008,624,818,626,1010,630,506,250,700,254,190
898,966,838,454,840,72,8,968,842,970,844,1036,334,270,974,976,914,338,148,852,980,730,796,158,94,610,866,996,486,938,746,556,626,1010,630,760,250,506,700,828,764,254
320,832,838,454,8,72,968,842,970,1036,844,334,974,976,80,914,852,980,148,730,158,222,94,864,610,482,290,996,486,938,746,490,556,1006,302,818,626,1010,630,1016,506,250,700,254
962,898,454,966,838,8,72,840,970,842,714,522,1036,844,976,528,914,852,148,980,730,796,158,94,864,482,610,290,866,996,746,938,556,1008,624,818,1010,626,630,760,506,250,254
320,454,838,840,72,968,712,8,970,842,1036,844,334,270,976,914,148,980,852,730,796,158,94,864,610,866,996,486,938,746,172,556,558,1006,1010,626,630,760,700,828,254
962,322,454,838,966,8,840,72,968,456,842,970,778,844,270,976,914,148,852,980,472,984,730,158,94,864,290,482,610,996,746,938,172,556,1006,1010,626,630,566,760,506,250,828,700,254
516,966,454,838,840,8,72,842,522,970,1036,844,270,976,914,148,980,730,796,158,94,864,482,610,996,938,746,554,876,556,1006,240,1010,626,630,760,250,506,700,828,764,254,190
962,838,966,454,8,840,72,968,842,970,844,460,1036,270,974,976,914,980,148,852,984,730,922,796,158,94,610,482,290,866,996,614,938,746,556,240,688,626,1010,692,630,760,250,828,764,700,254
@dps-end:
@rep:4
@time:54.95
@trys:1639743
@seed:124987441
@dps-begin:
514,898,770,518,8,522,1036,528,914,148,668,158,288,802,674,680,938,682,556,688,816,944,320,838,454,840,968,842,970,844,974,334,338,980,852,598,984,730,94,734,610,482,866,746,1006,624,1010,626,630,1016,250,506,254
320,898,1028,838,454,72,776,8,968,840,970,842,1036,844,334,974,144,914,980,852,148,984,730,94,158,734,864,482,290,996,486,680,554,938,746,556,1006,816,1010,818,626,690,630,250,254,702
898,322,132,1028,838,968,840,776,456,842,522,1036,844,334,974,270,80,144,914,980,852,148,984,730,94,734,864,482,290,802,610,866,746,682,938,172,556,1006,818,690,626,1010,630,506,250,254
898,132,1028,776,8,522,1036,270,144,914,148,802,680,682,938,556,818,826,828,702,320,454,838,840,842,970,844,334,974,980,852,984,730,734,94,736,864,482,610,996,746,1006,1010,626,630,250,506,764,254
514,898,770,8,1036,528,914,148,158,288,802,674,680,938,682,556,688,816,826,320,832,838,454,840,968,842,844,974,334,720,338,980,852,724,598,984,730,94,734,864,610,482,866,746,1006,1010,626,630,1016,250,506,764,254
320,898,454,838,776,8,968,840,842,970,1036,844,974,334,272,914,980,852,984,730,158,94,864,736,802,482,290,866,610,996,486,680,938,746,556,1006,560,1010,818,626,630,1016,250,506,254
320,898,1028,454,72,8,968,842,844,1036,974,334,914,338,980,148,852,724,598,984,730,94,158,734,288,482,290,802,610,996,486,680,938,682,746,556,1006,688,816,626,1010,630,250,506,254,702
320,838,454,326,8,840,968,970,842,1036,844,974,270,334,144,976,914,852,148,980,984,730,734,94,736,864,482,610,802,290,996,680,938,556,1010,626,630,250,826,506,828,254
898,454,838,968,840,776,8,842,522,844,1036,334,974,270,80,914,980,852,148,984,730,734,158,94,864,482,290,802,610,746,682,938,172,556,1006,624,690,626,1010,630,506,250,254,702
320,898,132,454,838,968,8,840,970,842,522,844,1036,974,334,80,914,980,852,148,730,158,94,734,736,482,802,290,866,610,996,680,682,746,938,172,556,1006,560,626,1010,630,506,764,254
@dps-end:
@rep:5
@time:55.745
@trys:1513998
@seed:123979721
@dps-begin:
832,322,966,774,454,840,842,970,778,1036,844,332,974,80,914,852,660,980,148,598,984,922,730,858,158,94,610,482,290,866,746,938,682,556,876,1006,816,496,626,1010,946,630,250,506,892,700,254
320,1028,966,454,840,842,970,522,1036,844,460,974,80,914,148,852,980,984,730,922,858,538,158,94,864,610,290,482,866,746,938,556,816,496,626,50,690,630,506,250,892,828,254,702
832,322,966,774,454,842,970,778,1036,844,974,80,914,852,660,980,148,598,984,922,730,858,158,94,734,864,610,482,290,866,746,938,682,556,1006,816,626,1010,50,630,250,506,892,700,764,254
514,322,1028,454,966,838,840,842,844,1036,974,334,80,720,914,852,980,148,660,730,922,858,94,158,290,610,996,486,746,938,556,816,496,240,626,1010,630,504,250,506,892,700,828,254,190
832,322,966,774,454,838,840,522,970,842,1036,844,974,80,914,980,852,148,724,984,730,922,858,220,94,158,482,866,610,938,556,1006,496,816,626,1010,630,760,250,506,892,254
514,322,454,966,840,842,970,844,1036,974,334,80,914,980,852,148,598,730,858,94,158,482,610,994,290,996,746,938,556,816,626,1010,1012,630,250,700,828,254
320,966,454,774,840,970,842,844,1036,974,80,148,852,980,598,984,730,922,858,94,158,864,610,290,482,866,614,938,746,556,816,626,1010,756,630,506,250,828,892,700,254,702
320,1028,454,966,838,840,842,970,844,1036,460,974,334,720,980,148,852,984,922,730,94,158,610,290,482,996,746,938,556,496,240,626,1010,630,696,250,506,826,892,700,828,254,190
832,322,966,774,454,840,522,970,842,1036,844,974,334,80,914,980,852,148,984,730,922,858,94,158,864,482,866,610,938,556,816,626,1010,690,630,250,506,892,764,254
832,514,322,834,966,774,454,842,970,778,1036,844,974,80,914,852,660,980,148,598,984,922,730,858,602,158,94,864,610,866,290,746,938,682,556,816,626,1010,630,1016,250,892,700,828,254
@dps-end:
